2 3 4 5 6 7 8 9 
4 5 6 7 8 9 
6 7 8 9 
8 9 
7 9 
7 8 
5 7 8 9 
8 9 
7 9 
7 8 
5 6 8 9 
8 9 
6 9 
6 8 
5 6 7 9 
7 9 
6 9 
6 7 
5 6 7 8 
7 8 
6 8 
6 7 
3 5 6 7 8 9 
6 7 8 9 
8 9 
7 9 
7 8 
5 7 8 9 
8 9 
7 9 
7 8 
5 6 8 9 
8 9 
6 9 
6 8 
5 6 7 9 
7 9 
6 9 
6 7 
5 6 7 8 
7 8 
6 8 
6 7 
3 4 6 7 8 9 
6 7 8 9 
8 9 
7 9 
7 8 
4 7 8 9 
8 9 
7 9 
7 8 
4 6 8 9 
8 9 
6 9 
6 8 
4 6 7 9 
7 9 
6 9 
6 7 
4 6 7 8 
7 8 
6 8 
6 7 
3 4 5 7 8 9 
5 7 8 9 
8 9 
7 9 
7 8 
4 7 8 9 
8 9 
7 9 
7 8 
4 5 8 9 
8 9 
5 9 
5 8 
4 5 7 9 
7 9 
5 9 
5 7 
4 5 7 8 
7 8 
5 8 
5 7 
3 4 5 6 8 9 
5 6 8 9 
8 9 
6 9 
6 8 
4 6 8 9 
8 9 
6 9 
6 8 
4 5 8 9 
8 9 
5 9 
5 8 
4 5 6 9 
6 9 
5 9 
5 6 
4 5 6 8 
6 8 
5 8 
5 6 
3 4 5 6 7 9 
5 6 7 9 
7 9 
6 9 
6 7 
4 6 7 9 
7 9 
6 9 
6 7 
4 5 7 9 
7 9 
5 9 
5 7 
4 5 6 9 
6 9 
5 9 
5 6 
4 5 6 7 
6 7 
5 7 
5 6 
3 4 5 6 7 8 
5 6 7 8 
7 8 
6 8 
6 7 
4 6 7 8 
7 8 
6 8 
6 7 
4 5 7 8 
7 8 
5 8 
5 7 
4 5 6 8 
6 8 
5 8 
5 6 
4 5 6 7 
6 7 
5 7 
5 6 
1 3 4 5 6 7 8 9 
4 5 6 7 8 9 
6 7 8 9 
8 9 
7 9 
7 8 
5 7 8 9 
8 9 
7 9 
7 8 
5 6 8 9 
8 9 
6 9 
6 8 
5 6 7 9 
7 9 
6 9 
6 7 
5 6 7 8 
7 8 
6 8 
6 7 
3 5 6 7 8 9 
6 7 8 9 
8 9 
7 9 
7 8 
5 7 8 9 
8 9 
7 9 
7 8 
5 6 8 9 
8 9 
6 9 
6 8 
5 6 7 9 
7 9 
6 9 
6 7 
5 6 7 8 
7 8 
6 8 
6 7 
3 4 6 7 8 9 
6 7 8 9 
8 9 
7 9 
7 8 
4 7 8 9 
8 9 
7 9 
7 8 
4 6 8 9 
8 9 
6 9 
6 8 
4 6 7 9 
7 9 
6 9 
6 7 
4 6 7 8 
7 8 
6 8 
6 7 
3 4 5 7 8 9 
5 7 8 9 
8 9 
7 9 
7 8 
4 7 8 9 
8 9 
7 9 
7 8 
4 5 8 9 
8 9 
5 9 
5 8 
4 5 7 9 
7 9 
5 9 
5 7 
4 5 7 8 
7 8 
5 8 
5 7 
3 4 5 6 8 9 
5 6 8 9 
8 9 
6 9 
6 8 
4 6 8 9 
8 9 
6 9 
6 8 
4 5 8 9 
8 9 
5 9 
5 8 
4 5 6 9 
6 9 
5 9 
5 6 
4 5 6 8 
6 8 
5 8 
5 6 
3 4 5 6 7 9 
5 6 7 9 
7 9 
6 9 
6 7 
4 6 7 9 
7 9 
6 9 
6 7 
4 5 7 9 
7 9 
5 9 
5 7 
4 5 6 9 
6 9 
5 9 
5 6 
4 5 6 7 
6 7 
5 7 
5 6 
3 4 5 6 7 8 
5 6 7 8 
7 8 
6 8 
6 7 
4 6 7 8 
7 8 
6 8 
6 7 
4 5 7 8 
7 8 
5 8 
5 7 
4 5 6 8 
6 8 
5 8 
5 6 
4 5 6 7 
6 7 
5 7 
5 6 
1 2 4 5 6 7 8 9 
4 5 6 7 8 9 
6 7 8 9 
8 9 
7 9 
7 8 
5 7 8 9 
8 9 
7 9 
7 8 
5 6 8 9 
8 9 
6 9 
6 8 
5 6 7 9 
7 9 
6 9 
6 7 
5 6 7 8 
7 8 
6 8 
6 7 
2 5 6 7 8 9 
6 7 8 9 
8 9 
7 9 
7 8 
5 7 8 9 
8 9 
7 9 
7 8 
5 6 8 9 
8 9 
6 9 
6 8 
5 6 7 9 
7 9 
6 9 
6 7 
5 6 7 8 
7 8 
6 8 
6 7 
2 4 6 7 8 9 
6 7 8 9 
8 9 
7 9 
7 8 
4 7 8 9 
8 9 
7 9 
7 8 
4 6 8 9 
8 9 
6 9 
6 8 
4 6 7 9 
7 9 
6 9 
6 7 
4 6 7 8 
7 8 
6 8 
6 7 
2 4 5 7 8 9 
5 7 8 9 
8 9 
7 9 
7 8 
4 7 8 9 
8 9 
7 9 
7 8 
4 5 8 9 
8 9 
5 9 
5 8 
4 5 7 9 
7 9 
5 9 
5 7 
4 5 7 8 
7 8 
5 8 
5 7 
2 4 5 6 8 9 
5 6 8 9 
8 9 
6 9 
6 8 
4 6 8 9 
8 9 
6 9 
6 8 
4 5 8 9 
8 9 
5 9 
5 8 
4 5 6 9 
6 9 
5 9 
5 6 
4 5 6 8 
6 8 
5 8 
5 6 
2 4 5 6 7 9 
5 6 7 9 
7 9 
6 9 
6 7 
4 6 7 9 
7 9 
6 9 
6 7 
4 5 7 9 
7 9 
5 9 
5 7 
4 5 6 9 
6 9 
5 9 
5 6 
4 5 6 7 
6 7 
5 7 
5 6 
2 4 5 6 7 8 
5 6 7 8 
7 8 
6 8 
6 7 
4 6 7 8 
7 8 
6 8 
6 7 
4 5 7 8 
7 8 
5 8 
5 7 
4 5 6 8 
6 8 
5 8 
5 6 
4 5 6 7 
6 7 
5 7 
5 6 
1 2 3 5 6 7 8 9 
3 5 6 7 8 9 
6 7 8 9 
8 9 
7 9 
7 8 
5 7 8 9 
8 9 
7 9 
7 8 
5 6 8 9 
8 9 
6 9 
6 8 
5 6 7 9 
7 9 
6 9 
6 7 
5 6 7 8 
7 8 
6 8 
6 7 
2 5 6 7 8 9 
6 7 8 9 
8 9 
7 9 
7 8 
5 7 8 9 
8 9 
7 9 
7 8 
5 6 8 9 
8 9 
6 9 
6 8 
5 6 7 9 
7 9 
6 9 
6 7 
5 6 7 8 
7 8 
6 8 
6 7 
2 3 6 7 8 9 
6 7 8 9 
8 9 
7 9 
7 8 
3 7 8 9 
8 9 
7 9 
7 8 
3 6 8 9 
8 9 
6 9 
6 8 
3 6 7 9 
7 9 
6 9 
6 7 
3 6 7 8 
7 8 
6 8 
6 7 
2 3 5 7 8 9 
5 7 8 9 
8 9 
7 9 
7 8 
3 7 8 9 
8 9 
7 9 
7 8 
3 5 8 9 
8 9 
5 9 
5 8 
3 5 7 9 
7 9 
5 9 
5 7 
3 5 7 8 
7 8 
5 8 
5 7 
2 3 5 6 8 9 
5 6 8 9 
8 9 
6 9 
6 8 
3 6 8 9 
8 9 
6 9 
6 8 
3 5 8 9 
8 9 
5 9 
5 8 
3 5 6 9 
6 9 
5 9 
5 6 
3 5 6 8 
6 8 
5 8 
5 6 
2 3 5 6 7 9 
5 6 7 9 
7 9 
6 9 
6 7 
3 6 7 9 
7 9 
6 9 
6 7 
3 5 7 9 
7 9 
5 9 
5 7 
3 5 6 9 
6 9 
5 9 
5 6 
3 5 6 7 
6 7 
5 7 
5 6 
2 3 5 6 7 8 
5 6 7 8 
7 8 
6 8 
6 7 
3 6 7 8 
7 8 
6 8 
6 7 
3 5 7 8 
7 8 
5 8 
5 7 
3 5 6 8 
6 8 
5 8 
5 6 
3 5 6 7 
6 7 
5 7 
5 6 
1 2 3 4 6 7 8 9 
3 4 6 7 8 9 
6 7 8 9 
8 9 
7 9 
7 8 
4 7 8 9 
8 9 
7 9 
7 8 
4 6 8 9 
8 9 
6 9 
6 8 
4 6 7 9 
7 9 
6 9 
6 7 
4 6 7 8 
7 8 
6 8 
6 7 
2 4 6 7 8 9 
6 7 8 9 
8 9 
7 9 
7 8 
4 7 8 9 
8 9 
7 9 
7 8 
4 6 8 9 
8 9 
6 9 
6 8 
4 6 7 9 
7 9 
6 9 
6 7 
4 6 7 8 
7 8 
6 8 
6 7 
2 3 6 7 8 9 
6 7 8 9 
8 9 
7 9 
7 8 
3 7 8 9 
8 9 
7 9 
7 8 
3 6 8 9 
8 9 
6 9 
6 8 
3 6 7 9 
7 9 
6 9 
6 7 
3 6 7 8 
7 8 
6 8 
6 7 
2 3 4 7 8 9 
4 7 8 9 
8 9 
7 9 
7 8 
3 7 8 9 
8 9 
7 9 
7 8 
3 4 8 9 
8 9 
4 9 
4 8 
3 4 7 9 
7 9 
4 9 
4 7 
3 4 7 8 
7 8 
4 8 
4 7 
2 3 4 6 8 9 
4 6 8 9 
8 9 
6 9 
6 8 
3 6 8 9 
8 9 
6 9 
6 8 
3 4 8 9 
8 9 
4 9 
4 8 
3 4 6 9 
6 9 
4 9 
4 6 
3 4 6 8 
6 8 
4 8 
4 6 
2 3 4 6 7 9 
4 6 7 9 
7 9 
6 9 
6 7 
3 6 7 9 
7 9 
6 9 
6 7 
3 4 7 9 
7 9 
4 9 
4 7 
3 4 6 9 
6 9 
4 9 
4 6 
3 4 6 7 
6 7 
4 7 
4 6 
2 3 4 6 7 8 
4 6 7 8 
7 8 
6 8 
6 7 
3 6 7 8 
7 8 
6 8 
6 7 
3 4 7 8 
7 8 
4 8 
4 7 
3 4 6 8 
6 8 
4 8 
4 6 
3 4 6 7 
6 7 
4 7 
4 6 
1 2 3 4 5 7 8 9 
3 4 5 7 8 9 
5 7 8 9 
8 9 
7 9 
7 8 
4 7 8 9 
8 9 
7 9 
7 8 
4 5 8 9 
8 9 
5 9 
5 8 
4 5 7 9 
7 9 
5 9 
5 7 
4 5 7 8 
7 8 
5 8 
5 7 
2 4 5 7 8 9 
5 7 8 9 
8 9 
7 9 
7 8 
4 7 8 9 
8 9 
7 9 
7 8 
4 5 8 9 
8 9 
5 9 
5 8 
4 5 7 9 
7 9 
5 9 
5 7 
4 5 7 8 
7 8 
5 8 
5 7 
2 3 5 7 8 9 
5 7 8 9 
8 9 
7 9 
7 8 
3 7 8 9 
8 9 
7 9 
7 8 
3 5 8 9 
8 9 
5 9 
5 8 
3 5 7 9 
7 9 
5 9 
5 7 
3 5 7 8 
7 8 
5 8 
5 7 
2 3 4 7 8 9 
4 7 8 9 
8 9 
7 9 
7 8 
3 7 8 9 
8 9 
7 9 
7 8 
3 4 8 9 
8 9 
4 9 
4 8 
3 4 7 9 
7 9 
4 9 
4 7 
3 4 7 8 
7 8 
4 8 
4 7 
2 3 4 5 8 9 
4 5 8 9 
8 9 
5 9 
5 8 
3 5 8 9 
8 9 
5 9 
5 8 
3 4 8 9 
8 9 
4 9 
4 8 
3 4 5 9 
5 9 
4 9 
4 5 
3 4 5 8 
5 8 
4 8 
4 5 
2 3 4 5 7 9 
4 5 7 9 
7 9 
5 9 
5 7 
3 5 7 9 
7 9 
5 9 
5 7 
3 4 7 9 
7 9 
4 9 
4 7 
3 4 5 9 
5 9 
4 9 
4 5 
3 4 5 7 
5 7 
4 7 
4 5 
2 3 4 5 7 8 
4 5 7 8 
7 8 
5 8 
5 7 
3 5 7 8 
7 8 
5 8 
5 7 
3 4 7 8 
7 8 
4 8 
4 7 
3 4 5 8 
5 8 
4 8 
4 5 
3 4 5 7 
5 7 
4 7 
4 5 
1 2 3 4 5 6 8 9 
3 4 5 6 8 9 
5 6 8 9 
8 9 
6 9 
6 8 
4 6 8 9 
8 9 
6 9 
6 8 
4 5 8 9 
8 9 
5 9 
5 8 
4 5 6 9 
6 9 
5 9 
5 6 
4 5 6 8 
6 8 
5 8 
5 6 
2 4 5 6 8 9 
5 6 8 9 
8 9 
6 9 
6 8 
4 6 8 9 
8 9 
6 9 
6 8 
4 5 8 9 
8 9 
5 9 
5 8 
4 5 6 9 
6 9 
5 9 
5 6 
4 5 6 8 
6 8 
5 8 
5 6 
2 3 5 6 8 9 
5 6 8 9 
8 9 
6 9 
6 8 
3 6 8 9 
8 9 
6 9 
6 8 
3 5 8 9 
8 9 
5 9 
5 8 
3 5 6 9 
6 9 
5 9 
5 6 
3 5 6 8 
6 8 
5 8 
5 6 
2 3 4 6 8 9 
4 6 8 9 
8 9 
6 9 
6 8 
3 6 8 9 
8 9 
6 9 
6 8 
3 4 8 9 
8 9 
4 9 
4 8 
3 4 6 9 
6 9 
4 9 
4 6 
3 4 6 8 
6 8 
4 8 
4 6 
2 3 4 5 8 9 
4 5 8 9 
8 9 
5 9 
5 8 
3 5 8 9 
8 9 
5 9 
5 8 
3 4 8 9 
8 9 
4 9 
4 8 
3 4 5 9 
5 9 
4 9 
4 5 
3 4 5 8 
5 8 
4 8 
4 5 
2 3 4 5 6 9 
4 5 6 9 
6 9 
5 9 
5 6 
3 5 6 9 
6 9 
5 9 
5 6 
3 4 6 9 
6 9 
4 9 
4 6 
3 4 5 9 
5 9 
4 9 
4 5 
3 4 5 6 
5 6 
4 6 
4 5 
2 3 4 5 6 8 
4 5 6 8 
6 8 
5 8 
5 6 
3 5 6 8 
6 8 
5 8 
5 6 
3 4 6 8 
6 8 
4 8 
4 6 
3 4 5 8 
5 8 
4 8 
4 5 
3 4 5 6 
5 6 
4 6 
4 5 
1 2 3 4 5 6 7 9 
3 4 5 6 7 9 
5 6 7 9 
7 9 
6 9 
6 7 
4 6 7 9 
7 9 
6 9 
6 7 
4 5 7 9 
7 9 
5 9 
5 7 
4 5 6 9 
6 9 
5 9 
5 6 
4 5 6 7 
6 7 
5 7 
5 6 
2 4 5 6 7 9 
5 6 7 9 
7 9 
6 9 
6 7 
4 6 7 9 
7 9 
6 9 
6 7 
4 5 7 9 
7 9 
5 9 
5 7 
4 5 6 9 
6 9 
5 9 
5 6 
4 5 6 7 
6 7 
5 7 
5 6 
2 3 5 6 7 9 
5 6 7 9 
7 9 
6 9 
6 7 
3 6 7 9 
7 9 
6 9 
6 7 
3 5 7 9 
7 9 
5 9 
5 7 
3 5 6 9 
6 9 
5 9 
5 6 
3 5 6 7 
6 7 
5 7 
5 6 
2 3 4 6 7 9 
4 6 7 9 
7 9 
6 9 
6 7 
3 6 7 9 
7 9 
6 9 
6 7 
3 4 7 9 
7 9 
4 9 
4 7 
3 4 6 9 
6 9 
4 9 
4 6 
3 4 6 7 
6 7 
4 7 
4 6 
2 3 4 5 7 9 
4 5 7 9 
7 9 
5 9 
5 7 
3 5 7 9 
7 9 
5 9 
5 7 
3 4 7 9 
7 9 
4 9 
4 7 
3 4 5 9 
5 9 
4 9 
4 5 
3 4 5 7 
5 7 
4 7 
4 5 
2 3 4 5 6 9 
4 5 6 9 
6 9 
5 9 
5 6 
3 5 6 9 
6 9 
5 9 
5 6 
3 4 6 9 
6 9 
4 9 
4 6 
3 4 5 9 
5 9 
4 9 
4 5 
3 4 5 6 
5 6 
4 6 
4 5 
2 3 4 5 6 7 
4 5 6 7 
6 7 
5 7 
5 6 
3 5 6 7 
6 7 
5 7 
5 6 
3 4 6 7 
6 7 
4 7 
4 6 
3 4 5 7 
5 7 
4 7 
4 5 
3 4 5 6 
5 6 
4 6 
4 5 
1 2 3 4 5 6 7 8 
3 4 5 6 7 8 
5 6 7 8 
7 8 
6 8 
6 7 
4 6 7 8 
7 8 
6 8 
6 7 
4 5 7 8 
7 8 
5 8 
5 7 
4 5 6 8 
6 8 
5 8 
5 6 
4 5 6 7 
6 7 
5 7 
5 6 
2 4 5 6 7 8 
5 6 7 8 
7 8 
6 8 
6 7 
4 6 7 8 
7 8 
6 8 
6 7 
4 5 7 8 
7 8 
5 8 
5 7 
4 5 6 8 
6 8 
5 8 
5 6 
4 5 6 7 
6 7 
5 7 
5 6 
2 3 5 6 7 8 
5 6 7 8 
7 8 
6 8 
6 7 
3 6 7 8 
7 8 
6 8 
6 7 
3 5 7 8 
7 8 
5 8 
5 7 
3 5 6 8 
6 8 
5 8 
5 6 
3 5 6 7 
6 7 
5 7 
5 6 
2 3 4 6 7 8 
4 6 7 8 
7 8 
6 8 
6 7 
3 6 7 8 
7 8 
6 8 
6 7 
3 4 7 8 
7 8 
4 8 
4 7 
3 4 6 8 
6 8 
4 8 
4 6 
3 4 6 7 
6 7 
4 7 
4 6 
2 3 4 5 7 8 
4 5 7 8 
7 8 
5 8 
5 7 
3 5 7 8 
7 8 
5 8 
5 7 
3 4 7 8 
7 8 
4 8 
4 7 
3 4 5 8 
5 8 
4 8 
4 5 
3 4 5 7 
5 7 
4 7 
4 5 
2 3 4 5 6 8 
4 5 6 8 
6 8 
5 8 
5 6 
3 5 6 8 
6 8 
5 8 
5 6 
3 4 6 8 
6 8 
4 8 
4 6 
3 4 5 8 
5 8 
4 8 
4 5 
3 4 5 6 
5 6 
4 6 
4 5 
2 3 4 5 6 7 
4 5 6 7 
6 7 
5 7 
5 6 
3 5 6 7 
6 7 
5 7 
5 6 
3 4 6 7 
6 7 
4 7 
4 6 
3 4 5 7 
5 7 
4 7 
4 5 
3 4 5 6 
5 6 
4 6 
4 5 
1044532435
